1	4.1468463
10	3.5405405
100	3.0625
1000	3.05
1002	4.25
1003	2.9421487
1004	2.6633663
1005	2.3732395
1006	3.0897436
1007	2.9784484
1008	3.329897
1009	3.185567
101	3.8695652
1010	3.268595
1011	2.725926
1012	3.704319
1013	3.5658915
1014	3.4044118
1015	3.3461537
1016	3.2179487
1017	3.5869565
1018	3.2520325
1019	3.7026086
102	1.8166667
1020	3.239796
1021	2.7692308
1022	3.7556326
1023	3.9864254
1024	3.2460318
1025	3.6109214
1026	3.625
1027	3.1627908
1028	3.894164
1029	3.6883802
103	3.2121212
1030	3.0773995
1031	3.4796238
1032	3.6971428
1033	3.4494774
1034	3.6449704
1035	3.9319727
1036	4.1218486
1037	2.6601627
1038	3.2727273
1039	3.6666667
104	3.526393
1040	3.0
1041	4.037975
1042	3.4810605
1043	2.8425925
1044	3.2857144
1046	4.0666666
1047	3.483871
1049	3.3281596
105	3.2325583
1050	3.8219178
1051	3.4183674
1053	2.9142857
1054	3.308642
1055	2.7368422
1056	3.54
1057	3.5583942
1058	3.2727273
1059	3.400835
106	3.5833333
1060	3.9414759
1061	3.5508022
1062	2.5
1063	3.1538463
1064	2.8947368
1066	4.1657143
1067	3.7826087
1068	3.6857142
1069	3.9272728
107	3.1484375
1070	3.0
1071	3.4
1073	3.861386
1076	4.0
1077	3.9798386
1078	3.8360214
1079	3.9713423
108	2.857143
1080	4.0183587
1081	3.6175115
1082	3.7012987
1083	3.5304878
1084	4.09621
1085	3.778626
1086	4.0791554
1087	3.4444444
1088	3.3114994
1089	4.1358223
1090	4.0901136
1091	2.7935658
1092	3.541944
1093	3.407353
1094	3.731489
1095	3.8844132
1096	3.9767442
1097	3.9651828
1098	2.4
1099	3.9896908
11	3.7938044
110	4.234957
1100	2.807143
1101	3.6861386
1102	2.0
1103	3.9228857
1104	4.2256727
1105	1.7857143
1107	2.0
111	4.183871
1111	4.0957446
1112	3.4285715
1113	3.0
1114	2.8709676
1115	1.0
1116	3.4117646
1117	4.25
1118	2.0
1119	3.2058823
112	3.4438596
1120	3.5833333
1121	3.0769231
1123	3.7272727
1124	3.7407408
1125	3.7792208
1126	2.3722398
1127	3.683965
1128	2.9235294
1129	3.4649322
113	2.981132
1130	3.2597404
1131	4.3240743
1132	4.259091
1133	2.0
1134	3.0
1135	3.1891892
1136	4.3352094
1138	3.857143
1139	4.0
114	3.090909
1142	1.0
1144	3.75
1145	2.5
1147	4.3212996
1148	4.5079365
1149	3.5
1150	3.9303796
1151	3.483871
1152	3.4827585
1153	3.4285715
1154	3.7333333
116	4.097561
1160	2.1666667
1161	3.9468086
1162	3.90625
1163	2.9473684
1164	3.6
1165	1.0
1167	2.893617
1168	2.0555556
1169	3.7222223
117	3.6329114
1170	1.6470588
1171	3.7349398
1172	4.287805
1173	3.3484848
1174	3.8
1175	4.0027175
1176	3.9379845
1177	3.9931972
1178	4.473913
1179	3.7887006
118	3.0735295
1180	3.84
1181	2.9
1183	3.6097069
1184	3.8021977
1185	3.9580574
1186	3.613879
1187	3.659864
1188	3.9511833
1189	4.252788
119	2.4615386
1190	3.5075758
1191	3.062201
1192	4.0285716
1193	4.3907247
1194	3.4764152
1196	4.2929764
1197	4.30371
1198	4.4777246
1199	4.097481
12	2.3625
120	2.6666667
1200	4.125824
1201	4.13382
1202	3.6111112
1203	4.2954545
1204	4.4019256
1205	3.3809524
1206	4.078112
1207	4.425647
1208	4.2431974
1209	4.0231214
121	4.0540543
1210	4.022893
1211	4.1115704
1212	4.452083
1213	4.275196
1214	4.159585
1215	3.8042328
1216	3.6551723
1217	4.2689075
1218	4.196721
1219	4.2185273
122	2.7680411
1220	3.9395974
1221	4.357565
1222	4.110845
1223	4.361522
1224	4.286385
1225	4.251809
1226	4.0530972
1227	3.8630705
1228	4.1875925
123	3.8695652
1230	4.1416793
1231	4.08
1232	3.6346154
1233	4.302697
1234	4.320305
1235	4.164993
1236	4.188889
1237	4.230769
1238	4.0
124	3.2142856
1240	4.1520495
1241	3.357143
1242	4.1933455
1243	3.9846153
1244	4.082173
1245	4.0055866
1246	4.005848
1247	4.2458367
1248	4.2159534
1249	4.005457
125	3.8333333
1250	4.3869934
1251	4.105263
1252	4.3392406
1253	4.1413236
1254	4.289183
1255	3.4074075
1256	4.210438
1257	3.92161
1258	4.104876
1259	4.0969186
126	1.989899
1260	4.301948
1261	3.8266423
1262	4.3764367
1263	4.11
1264	4.054475
1265	3.953029
1266	4.090271
1267	4.3333335
1268	3.4858043
1269	4.1681547
127	1.0
1270	3.9903214
1271	3.8060708
1272	4.266667
1273	3.9657533
1274	3.9336283
1275	3.8461537
1276	4.2537637
1277	3.8842976
1278	4.2506285
1279	3.7474227
128	4.3333335
1280	4.173285
1281	4.0324073
1282	3.9045599
1283	4.17866
1284	4.3123846
1285	3.8156912
1286	3.585965
1287	4.1107955
1288	4.1797853
1289	3.9725275
129	3.3076923
1290	3.5913043
1291	4.133292
1292	4.0135365
1293	4.1415796
1294	4.1246586
1295	3.5676692
1296	3.9964285
1297	3.708145
1298	3.640827
1299	4.248634
13	3.2626262
130	4.0
1300	4.1454544
1301	3.9758713
1302	3.9114583
1303	4.129032
1304	4.215645
1305	3.7933884
1306	3.6029413
1307	4.073342
131	3.0625
1310	3.5581396
1311	1.0
1312	3.2413793
1313	2.1538463
1315	2.3333333
1316	4.0
1317	3.175
132	2.4945054
1320	3.0378377
1321	3.752277
1322	1.71875
1323	1.3720931
1324	1.6818181
1325	1.6521739
1326	2.107143
1327	2.938028
1328	1.84
1329	2.6666667
133	1.0
1330	3.0
1331	3.18
1332	2.9117646
1333	3.882674
1334	3.1360946
1335	1.7142857
1336	2.2363636
1337	3.5625
1339	3.34375
134	4.0
1340	3.9120371
1341	2.8490567
1342	2.90458
1343	3.6710334
1344	3.9224377
1345	3.6049383
1346	3.183908
1347	3.4855876
1348	3.9915967
1349	3.0714285
135	2.81203
1350	3.623472
1351	3.4
1352	2.8510637
1353	3.0851064
1354	3.82397
1355	2.961039
1356	3.7091603
1357	3.8065693
1358	4.208156
1359	2.4774776
136	3.25
1360	3.5
1361	4.2138367
1362	4.03
1363	2.9732144
1364	3.5
1365	3.8448277
1366	3.1851852
1367	3.0467033
1369	3.8
137	3.0
1370	3.5418503
1371	3.1363637
1372	3.4095905
1373	2.7487764
1374	3.8805249
1375	3.3538296
1376	3.6563056
1377	2.9767215
1378	3.4181495
1379	2.907859
138	2.5
1380	3.5777233
1381	1.9636964
1382	2.7795277
1383	1.5454545
1384	3.8333333
1385	3.2689805
1386	1.0
1387	4.08957
1388	2.5891893
1389	1.852381
139	4.0
1390	3.198347
1391	2.9003725
1392	3.739726
1393	3.759054
1394	4.0209203
1395	3.3254237
1396	3.7277727
1397	3.6507936
1398	3.1904762
1399	3.2019231
14	3.5424836
140	3.1654677
1401	3.506173
1404	3.1447368
1405	3.04
1406	3.4583333
1407	3.5756207
1408	3.8133333
1409	3.0535715
141	3.5498533
1410	2.8666666
1411	3.958115
1412	3.9
1413	3.38
1414	3.5952382
1415	3.5555556
1416	3.255319
1417	2.7674417
1419	3.9632354
142	1.0
1420	4.0
1421	3.0454545
1422	3.024911
1423	4.357143
1425	3.2916667
1426	2.5217392
1427	2.2941177
1428	3.25
1429	3.3063972
1430	1.0
1431	2.5474138
1432	2.77
1433	1.8
1434	4.0
1436	2.8888888
1437	3.0952382
1438	2.8161993
1439	2.347826
144	3.3926096
1440	2.7654321
1441	3.4449065
1442	3.0985916
1444	3.375
1445	2.1730769
1446	4.05291
1447	3.367347
1449	4.1471863
145	3.2955801
1450	3.7857144
1453	2.4324324
1454	3.1585367
1455	2.7727273
1456	2.359375
1457	3.1090226
1458	2.8333333
1459	3.3578947
146	2.8888888
1460	2.680851
1461	2.574074
1463	3.0294118
1464	3.3517241
1465	3.4920635
1466	3.7955494
1468	2.5625
147	3.5414364
1470	4.0
1471	3.4
1472	3.25
1473	2.825
1474	2.3356164
1475	3.148148
1476	3.486974
1477	3.4444444
1479	3.197158
148	2.7826087
1480	3.2792454
1482	3.3333333
1483	2.7588654
1484	3.701613
1485	3.5
1486	3.142857
1487	3.0679011
1488	2.8576388
1489	2.5675676
149	3.787234
1490	1.8076923
1493	3.2941177
1494	2.4736843
1495	1.3181819
1496	3.16
1497	2.0833333
1498	3.1374047
1499	2.2005012
15	2.458904
150	4.073541
1500	3.8133802
1501	2.6111112
1502	3.0769231
1503	2.3172414
1504	3.5
1507	3.3333333
1508	3.3055556
1509	3.6666667
151	3.5884476
1510	2.5
1511	3.5833333
1513	3.0463576
1514	2.7142856
1515	2.558011
1516	3.6538463
1517	3.7103734
1518	3.420904
1519	3.3333333
152	3.0
1520	2.4666667
1522	2.4285715
1523	2.631579
1525	2.090909
1526	2.465909
1527	3.640523
1528	2.0
1529	3.2258065
153	2.6422136
1531	3.6363637
1532	2.6666667
1533	3.875
1534	3.6666667
1535	3.485437
1537	4.1371427
1538	1.6666666
1539	2.8181818
154	3.7261906
1541	3.1
1542	3.5420167
1543	3.2857144
1544	3.0366533
1545	4.0684934
1546	3.8163266
1547	3.3243244
1548	2.5
1549	2.6842105
155	3.413793
1550	2.7042253
1551	2.8333333
1552	3.2662473
1553	2.75
1554	3.4782608
1555	3.0
1556	1.8719347
1558	1.5
156	3.560606
1561	3.25
1562	2.2574258
1563	3.6
1564	3.8333333
1565	3.0
1566	3.2793176
1567	3.4444444
1569	3.4280488
157	2.7326202
1570	3.3043478
1571	3.9555554
1572	3.7307692
1573	3.401126
1574	2.8666666
1575	3.142857
1579	3.0
158	2.980695
1580	3.7399528
1581	2.8474576
1582	3.1666667
1583	2.7777777
1584	3.7684515
1585	3.2142856
1586	3.0520647
1587	3.4213288
1588	3.083045
1589	3.359756
159	3.2844827
1590	2.5180724
1591	2.6210527
1592	2.4910715
1593	2.8641975
1594	3.7785015
1595	1.7384615
1596	3.46875
1597	3.405672
1598	2.7117116
1599	1.641791
16	3.793255
160	2.238938
1600	2.8690476
1601	2.72
1602	2.1162791
1603	2.9252872
1604	2.7538462
1605	2.659091
1606	2.3394496
1608	3.58829
1609	2.7454545
161	3.7236843
1610	4.052058
1611	3.3516948
1612	3.3272727
1613	2.9
1614	3.2803738
1615	3.6211455
1616	3.0936708
1617	4.2194057
1619	3.4281769
162	4.0631366
1620	3.3367088
1621	3.282353
1622	2.4
1623	2.2109375
1624	2.72
1625	3.9138322
1626	2.5185184
1627	3.076
1629	3.0183487
163	3.4574075
1630	2.0
1631	3.5918367
1632	2.45
1633	3.6616542
1635	3.8007889
1636	2.4
1639	3.778468
164	3.5672824
1640	2.5357144
1641	3.8723936
1642	3.054054
1643	3.8754716
1644	2.631579
1645	3.4358354
1646	2.8181818
1647	2.8777778
1648	3.4742267
1649	3.851852
165	3.561212
1650	3.34
1651	2.8823528
1652	3.25
1653	3.7112348
1654	3.310345
1655	2.4285715
1656	3.2142856
1657	3.5
1658	3.1724138
1659	2.857143
166	2.4590163
1660	3.5698323
1661	3.1931818
1662	2.65
1663	3.8391893
1664	4.2
1665	2.685
1666	2.6
1667	2.7787611
1668	2.5384614
1669	3.4594595
167	3.6
1670	3.5
1671	3.1818182
1672	3.5700934
1673	3.7695036
1674	3.996176
1675	3.090909
1676	3.133276
1677	2.7567568
1678	3.829114
1679	1.9583334
168	2.9502761
1680	3.7909484
1681	2.1791046
1682	3.8616915
1683	3.761468
1684	3.724138
1685	3.5
1686	3.1559634
1687	3.0771513
1688	3.5032895
1689	3.1547618
169	2.017699
1690	2.9589217
1692	2.55
1693	3.7179487
1694	3.7261147
1695	3.6875
1696	3.5714285
1699	3.5032258
17	4.027545
170	3.1464174
1701	3.415493
1702	2.5529802
1703	2.935484
1704	4.176357
1707	1.8766234
1709	2.0
171	3.5698924
1711	3.2531848
1713	3.0432901
1714	2.0
1715	3.0
1717	2.975824
1718	2.5714285
1719	4.0446196
172	2.576419
1720	1.2857143
1721	3.5834413
1722	3.4419954
1724	3.0
1725	3.7391305
1726	2.7737226
1727	3.2285714
1728	3.3181818
1729	3.6892266
173	2.3085105
1730	3.7272727
1731	1.875
1732	3.7383773
1733	3.109756
1734	3.8258708
1735	3.201521
1739	1.3617021
174	2.308642
1741	4.0
1743	3.909091
1744	2.6753247
1746	2.7636364
1747	3.4895258
1748	3.8226545
1749	3.4
175	3.4772727
1750	2.1904762
1752	2.6553397
1753	3.2020202
1754	3.3865979
1755	3.5333333
1756	2.5490196
1758	3.65
1759	3.9803922
176	3.9170732
1760	1.8736842
1762	2.7356827
1764	3.0
1767	3.0
1769	3.137931
177	2.733813
1770	3.4736843
1771	2.6382978
1772	2.4304347
1773	2.5
1777	3.489549
1779	2.663586
178	3.4736843
1780	4.125
1782	2.5
1783	2.9272728
1784	3.9501405
1785	3.3888888
1787	3.5
1788	3.956044
179	2.2083333
1791	2.962264
1792	3.171875
1793	2.3846154
1794	3.4304636
1795	4.5
1796	2.4
1797	4.005988
1798	2.5714285
1799	3.4131455
18	3.3375797
180	3.5476718
1801	3.0434783
1804	3.0336134
1805	3.4456868
1806	2.892857
1807	3.4117646
1809	3.8055556
181	1.6129032
1810	3.5580738
1811	3.6923077
1812	3.4772727
1814	3.36
1815	2.0
1816	2.960396
1817	3.0
182	3.142857
1820	2.0
1821	3.1943128
1822	2.047619
1824	3.3653846
1825	2.6666667
1826	1.55
1827	4.0
1829	3.0
183	3.4827585
1830	5.0
1831	2.5847077
1832	4.0
1833	3.003788
1834	3.9391482
1835	3.2896175
1836	3.3111112
1837	2.6875
1839	2.2608695
184	3.3461537
1840	3.38125
1841	2.9473684
1842	4.0
1843	3.0
1844	3.862069
1845	3.7508307
1846	3.25
1848	3.0451977
1849	2.5714285
185	2.8699472
1850	2.8461537
1851	4.0
1852	2.0
1853	2.0
1854	3.0208333
1855	2.398148
1856	3.0555556
1857	3.0833333
1858	3.2674417
1859	3.53125
186	2.7630332
1860	3.7727273
1861	3.3333333
1862	2.0505052
1863	2.2183099
1864	2.7272727
1865	3.5555556
1866	3.089947
1867	2.4210527
1868	2.0
1869	2.3137255
187	3.2380953
1870	3.5138888
1871	4.0
1872	3.2
1873	3.7606177
1874	3.3703704
1875	3.402439
1876	3.1664805
1877	2.5
1878	2.0
1879	3.909091
188	3.2210526
1880	3.4230769
1881	2.7794118
1882	2.3246493
1883	3.435241
1884	3.3456376
1885	3.6924343
1886	2.75
1887	2.4833333
1888	2.994832
1889	3.877551
189	3.4
1890	2.4285715
1891	1.8888888
1892	3.371571
1893	3.7619047
1894	2.910828
1895	3.238562
1896	3.106383
1897	3.5037594
1898	3.642857
1899	3.2
19	2.4807198
190	3.75
1900	4.163934
1901	4.0
1902	3.1
1903	3.3333333
1904	3.4867256
1905	1.5
1906	3.21875
1907	3.7428572
1908	3.0
1909	3.492972
191	2.4666667
1910	3.7560976
1911	2.9297912
1912	3.7973568
1913	3.8263474
1914	3.8091397
1915	4.0
1916	3.5056498
1917	3.191892
1918	3.1405082
1919	3.1724138
192	3.0
1920	2.8104396
1921	3.7911909
1922	3.4230769
1923	3.9044492
1924	2.6345382
1925	3.8888888
1926	3.1875
1927	4.19403
1928	3.3793104
1929	3.7857144
193	2.0506911
1930	3.0
1931	4.0311112
1932	3.2777777
1933	3.3809524
1934	4.012987
1935	4.0280375
1936	3.878049
1937	3.7301588
1938	3.909836
1939	4.1228814
194	3.7558684
1940	3.8901098
1941	3.8053098
1942	4.0336137
1943	3.2786884
1944	4.0961537
1945	4.2697496
1946	3.9756098
1947	4.057819
1948	3.8585858
1949	4.232877
195	2.8414633
1950	4.12931
1951	3.6948357
1952	4.113122
1953	4.0987225
1954	3.9433126
1955	3.7964602
1956	3.990138
1957	3.79653
1958	3.6075473
1959	3.6533546
196	2.8236363
1960	3.9764152
1961	4.0533834
1962	3.8773005
1963	4.051587
1964	3.807947
1965	3.6830893
1966	3.6464646
1967	3.6371841
1968	3.879792
1969	2.321168
197	3.0588236
1970	2.641791
1971	2.2396693
1972	1.995
1973	2.1813953
1974	3.0410094
1975	2.4269006
1976	1.9798995
1977	2.1775148
1978	2.0789473
1979	2.1785715
198	3.2958677
1980	2.1538463
1981	1.8383838
1982	3.7134387
1983	2.7538462
1984	2.0952382
1985	2.4108527
1986	2.1259842
1987	2.3296704
1988	2.0980392
1989	1.4666667
199	3.8119657
1990	1.6875
1991	2.7029288
1992	2.112782
1993	1.8969072
1994	3.6842768
1995	2.4230769
1996	1.8303572
1997	3.9559321
1998	1.7699115
1999	2.7480314
2	3.201141
20	2.5375
200	2.4166667
2000	3.8869085
2001	3.5450048
2002	3.254364
2003	3.2680411
2004	2.5134408
2005	3.4972067
2006	3.5615463
2007	2.676923
2008	2.5333333
2009	3.5189574
201	2.6363637
2010	4.082474
2011	3.343696
2012	3.2421603
2013	3.454984
2014	3.1777778
2015	3.4526315
2016	2.6605504
2017	2.9876542
2018	3.73854
2019	4.5605097
202	2.5
2020	3.9715395
2021	3.356147
2022	3.531496
2023	3.3449612
2024	3.3175676
2025	3.3438914
2026	2.689441
2027	2.4496124
2028	4.3373537
2029	3.6710527
203	3.0541873
2031	3.0270271
2032	2.925
2033	3.165
2034	2.7728813
2035	3.1052632
2036	2.21875
2037	3.5370371
2038	2.9040403
2039	1.0
204	2.9211822
2040	2.9453125
2041	2.6689656
2042	2.6321244
2043	3.272152
2044	2.5384614
2045	3.4545455
2046	3.466418
2047	3.1818182
2048	3.4961832
2049	3.3243244
205	3.6117647
2050	2.5384614
2051	2.5544555
2052	2.8688524
2053	2.257218
2054	2.9330144
2055	2.8333333
2056	3.5
2057	3.3406594
2058	3.6082604
2059	3.283582
206	3.6707318
2060	2.9945354
2061	3.5714285
2062	3.2
2063	2.5
2064	4.073935
2065	3.599165
2066	4.1509433
2067	4.065603
2068	3.8828125
2069	3.7857144
207	3.13242
2070	3.905303
2071	3.9298246
2072	2.910891
2073	3.6666667
2074	3.5238094
2075	3.7407408
2076	3.762997
2077	3.4935064
2078	3.816265
2079	3.5714285
208	2.6313365
2080	3.804398
2081	3.7565217
2082	2.8864267
2083	3.6068702
2084	3.1290324
2085	3.59646
2086	3.5517242
2087	3.6599326
2088	2.5944798
2089	3.1966527
209	2.4615386
2090	3.4738955
2091	2.8494623
2092	2.4355829
2093	2.8514493
2094	3.1086957
2095	2.9734514
2096	3.7103717
2097	3.488263
2098	3.1447368
2099	3.60181
21	3.6238937
210	3.1463416
2100	3.4307826
2101	3.5333333
2102	3.3857868
2103	3.0810812
2104	3.3396227
2105	3.3556702
2106	3.2972972
2107	2.6884422
2108	3.7066667
2109	3.7434554
211	3.5588236
2110	3.264305
2111	3.227564
2112	3.4884393
2113	2.1518986
2114	3.6875
2115	3.6761312
2116	3.3333333
2117	3.7194245
2118	3.7024794
2119	2.2721088
212	1.9285715
2120	2.9421487
2121	2.7306123
2122	2.446352
2123	2.8697674
2124	3.1694677
2125	3.7139423
2126	2.7454545
2127	3.5
2128	3.32
2129	3.75
213	4.0569105
2130	3.8322368
2131	3.7333333
2132	4.0740743
2133	3.275416
2134	3.4235294
2135	3.2016807
2136	3.1486487
2137	3.8229377
2138	3.842623
2139	3.8509486
214	4.25
2140	3.6521127
2141	3.428218
2142	2.8308458
2143	3.2704225
2144	3.7107093
2145	3.3665223
2146	3.1107955
2147	2.5497835
2148	2.8855422
2149	2.252427
215	3.80625
2150	3.7266188
2151	3.171875
2152	2.115942
2153	1.9965278
2154	2.7857144
2155	3.3146067
2156	3.7777777
2157	3.25
2158	2.6
2159	3.4794521
216	3.1830986
2160	3.8188202
2161	3.6051502
2162	2.4124293
2163	2.606796
2164	2.05
2165	3.3761468
2166	3.5208333
2167	3.4771323
2168	3.0759494
2169	2.676923
217	2.625
2170	2.5528455
2171	3.6887755
2172	3.25
2173	3.5636363
2174	3.567893
2175	3.8333333
2176	3.895288
2177	3.2168674
2178	3.663158
2179	3.1538463
218	3.128205
2180	3.3275862
2181	3.5677967
2182	3.5816326
2183	3.932961
2184	3.5986395
2185	3.5882354
2186	4.3049793
2187	3.5769231
2188	2.7644787
2189	3.7142856
219	3.1818182
2190	2.8461537
2191	2.8
2192	3.2857144
2193	3.4962595
2194	4.0079856
2195	3.0074074
2196	2.4444444
2197	4.181818
2198	4.0
22	3.3492064
220	1.8214285
2200	2.5
2201	3.4
2202	3.943662
2203	4.270386
2204	3.8202248
2205	3.5151515
2206	4.0119762
2207	2.875
2208	4.18593
2209	3.3
2210	3.7037036
2211	3.5263157
2212	3.8359375
2213	1.0
2214	3.0
2215	3.5
2217	1.0
2218	2.0
2219	3.4
222	3.5471125
2221	3.090909
2223	3.3333333
2226	3.0
2227	3.5238094
223	3.946884
2231	3.6086957
2232	3.467811
2233	1.6
2234	1.875
2235	2.0
2236	3.6089108
2237	3.590909
2238	3.831169
2239	3.742268
224	3.3911917
2240	3.5084033
2241	2.7751937
2242	2.5
2243	3.747782
2244	1.8571428
2245	3.414397
2246	2.7142856
2247	3.0931506
2248	4.0175056
2249	3.1924686
225	3.1732283
2250	3.1451614
2251	3.5
2252	3.016129
2253	2.5636363
2254	2.0
2255	2.607595
2256	2.375
2257	2.9411764
2258	3.0
2259	2.716418
226	2.0
2260	2.7959185
2261	3.3291926
2262	3.1564417
2263	3.102857
2264	2.5903614
2265	2.0
2266	2.871795
2267	2.945946
2268	3.931197
2269	2.737327
227	2.6744187
2271	3.2894738
2272	3.455357
2273	3.566188
2275	3.366197
2276	3.7142856
2277	2.0
2278	3.5272954
2279	2.716814
228	2.1538463
2280	3.432
2281	3.4545455
2282	3.5189874
2283	2.918033
2284	3.7906976
2285	3.8888888
2286	2.511628
2287	3.4392858
2288	3.7854252
2289	3.96319
229	3.5
2290	3.2809918
2291	3.592668
2292	2.5
2293	3.24
2294	3.483721
2295	3.8108108
2296	2.3819444
2297	3.1070423
2298	1.8666667
2299	3.75
23	2.857143
230	3.452722
2300	4.1443768
2301	3.5902965
2302	3.7845304
2303	3.92
2304	3.5714285
2305	3.48
2306	2.488889
2307	2.631579
2308	2.0
2309	4.5
231	3.1924243
2310	3.7985075
2311	3.4170213
2312	3.8277946
2313	4.013129
2314	3.1346154
2315	2.367347
2316	2.9830508
2317	2.625
2318	3.903125
232	4.0751443
2320	3.106952
2321	3.6968913
2322	2.9310346
2323	3.942857
2324	4.329861
2325	3.1344538
2326	3.0
2327	2.85
2328	2.849711
2329	4.2265625
233	3.612766
2330	4.1630435
2331	3.2234638
2332	3.25
2333	3.8131487
2334	3.1243522
2335	2.9261904
2336	4.029851
2337	3.2063491
2338	2.20339
2339	2.925926
234	2.2244897
2340	3.252907
2341	3.2727273
2342	3.7272727
2343	2.0
2344	3.4228857
2345	3.372093
2346	3.3066666
2347	3.7368422
2348	3.5526316
2349	3.6107783
235	3.6968715
2350	2.7894738
2351	4.207207
2352	3.8747017
2353	3.687247
2354	2.7801418
2355	3.8543746
2356	2.8958333
2357	4.283721
2358	4.0
2359	3.8790896
236	3.303681
2360	4.3076925
2361	3.2405064
2362	2.8490567
2363	3.3189368
2364	2.7768595
2365	2.7720587
2366	3.6560845
2367	2.7572815
2368	1.6896552
2369	2.954762
237	2.9727626
2370	3.5140846
2371	3.5943239
2372	2.9663866
2373	2.4814816
2374	2.930328
2375	2.8923445
2376	3.2676923
2377	2.9453552
2378	2.9975786
2379	2.3866668
238	2.8125
2380	2.0306122
2381	1.9137931
2382	1.7666667
2383	1.6577181
2384	3.290631
2385	2.5753424
2386	1.9661016
2387	2.7741935
2388	3.4666667
2389	2.6515152
239	2.875
2390	3.6909091
2391	3.7516778
2392	2.2341464
2393	3.3482032
2394	3.5716753
2395	3.8409836
2396	4.12748
2397	3.3043478
2398	3.9605262
2399	2.6681614
24	3.1794872
240	2.711111
2400	2.860465
2401	3.7692308
2402	2.8254364
2403	3.5717883
2404	2.3421926
2405	3.1634471
2406	3.6892192
2407	3.5377734
2408	2.5289576
2409	3.1775281
241	3.310345
2410	2.8753116
2411	2.6453333
2412	2.1021898
2413	3.248307
2414	3.3905013
2415	2.8
2416	3.1497176
2417	2.945946
2418	3.0727272
2419	3.2028985
242	3.5
2420	3.41785
2421	2.6771488
2422	2.1223776
2423	3.5883496
2424	3.3806682
2425	3.6206896
2426	2.9629629
2427	3.3985057
2428	2.7777777
2429	2.8277779
243	2.1
2430	3.1111112
2431	3.1371307
2432	3.1369863
2433	3.359477
2434	3.6333334
2435	3.0808082
2436	3.590164
2437	3.6470587
2438	4.0
2439	3.6111112
244	1.9
2440	3.3617022
2441	3.0384614
2442	3.825
2443	3.5952382
2444	4.0
2445	2.7972972
2446	2.5396826
2447	3.0601504
2448	2.3492064
2449	1.53125
245	3.0
2450	2.0990784
2451	2.6460178
2452	1.6842105
2453	3.25
2454	3.3583333
2455	3.4407096
2456	2.3133802
2457	3.3822393
2458	2.476923
2459	3.222672
246	4.1885476
2460	2.3534484
2461	2.096774
2462	1.8333334
2463	3.4610527
2464	2.625
2465	2.0238094
2466	3.4615386
2467	3.9012346
2468	2.7700534
2469	3.2766798
247	3.865828
2470	3.4265351
2471	2.6280193
2472	2.9784946
2473	2.4093263
2474	3.4606414
2475	3.3
2476	3.3466666
2477	2.2857144
2478	3.1177504
2479	2.2727273
248	2.9130435
2480	4.5
2481	3.6
2482	3.3333333
2483	2.92
2484	2.0
2485	3.0512195
2486	1.7777778
2487	2.4285715
2488	3.8588235
249	3.7586207
2490	3.5058215
2491	2.7391305
2492	2.856115
2493	4.142857
2494	4.0
2495	3.6020408
2496	3.363889
2497	2.835294
2498	2.3333333
2499	3.5384614
25	3.6510205
250	2.6
2500	2.5966387
2501	4.137755
2502	3.821101
2503	4.6666665
2504	2.883978
2505	2.8639705
2506	3.3435583
2507	2.9814816
2509	2.7777777
251	3.2777777
2510	3.6666667
2511	3.8658535
2512	3.9473684
2513	2.9606557
2514	2.060345
2515	1.7884616
2516	1.8444444
2517	3.062271
2518	3.472789
2519	3.2291667
252	3.269755
2520	3.1452515
2521	2.6309524
2522	2.3544304
2523	2.3095238
2524	3.018797
2525	2.235294
2526	2.3664122
2527	3.4213836
2528	3.4696486
2529	3.7125645
253	3.5243902
2530	2.9452055
2531	2.8333333
2532	2.8435755
2533	3.0410366
2534	2.5294118
2535	2.8487394
2536	1.8918918
2537	1.9411764
2538	3.6
2539	3.3944805
254	3.0789473
2540	3.0320513
2541	3.2218246
2542	3.8976
2543	3.5
2544	2.7777777
2545	2.8333333
2546	2.9408283
2548	2.2285714
2549	2.2285714
255	2.060606
2550	3.5027323
2551	3.2910054
2552	2.2162163
2553	3.3561645
2554	3.1764705
2555	1.7012196
2556	3.0
2557	3.4
2558	2.744681
2559	2.5925925
256	2.6513762
2560	3.1111112
2561	3.038168
2562	3.7777777
2563	3.0
2565	3.954301
2566	2.425
2567	3.2019868
2568	2.1074767
2569	3.7777777
257	3.2280703
2570	3.5980392
2571	4.31583
2572	3.422857
2573	3.4166667
2574	2.6683416
2575	4.0
2576	2.0
2577	3.2857144
2578	3.5
2579	3.7931035
258	2.4236112
2580	3.8547719
2581	3.1682692
2582	3.1060605
2583	3.6085107
2584	3.0
2585	3.8541667
2586	2.96
2587	2.9607842
2589	2.734375
259	2.8431373
2590	3.0416667
2591	2.0
2592	3.0
2593	3.7142856
2594	3.951613
2596	3.618705
2597	2.609375
2598	3.0168855
2599	3.9303548
26	3.53
260	4.4536943
2600	3.2560976
2602	2.8333333
2605	3.1685972
2606	2.7246377
2607	4.0882354
2608	2.6
2609	4.223881
261	3.6491227
2610	3.878049
2611	3.910959
2612	4.0882354
2613	3.0960853
2614	1.9318181
2615	3.010582
2616	2.6826923
2617	3.3217478
2618	3.8913043
2619	3.0
262	3.872093
2620	3.6944444
2621	3.652174
2622	3.3493977
2623	2.75
2624	4.0882354
2625	3.0757575
2626	3.5714285
2627	3.4285715
2628	3.4097779
2629	2.75
263	3.857143
2630	3.512195
2631	2.0
2632	3.2727273
2633	3.5370371
2634	3.2473118
2635	3.032258
2636	2.4615386
2637	2.6666667
2638	2.8333333
2639	3.202454
264	3.2
2640	3.536825
2641	3.1643026
2642	2.3365948
2643	1.8885542
2644	3.8277311
2645	3.3431373
2646	2.871795
2647	3.1923077
2648	3.9753695
2649	3.323077
265	3.9326425
2650	2.7575758
2651	3.1463416
2652	2.9215686
2653	2.7619047
2654	3.761194
2655	1.7659575
2656	2.7741935
2657	3.2911599
2658	3.090909
2659	3.173913
266	3.4255319
2660	3.8962963
2661	3.3617022
2662	3.858407
2663	3.0754716
2664	3.9124203
2665	3.4225352
2666	3.2142856
2667	2.6206896
2668	2.5347986
2669	3.7383177
267	2.7285714
2670	4.0
2671	3.6628206
2672	3.1892583
2673	3.857143
2674	2.6923077
2675	3.4
2676	3.1353383
2677	4.056522
2678	3.12
2679	2.6
268	3.3703704
2681	3.6046512
2682	4.056818
2683	3.388424
2685	3.0
2686	3.962264
2687	3.6651583
2688	3.1418235
2689	3.390244
269	3.5272727
2690	3.7
2691	2.95
2692	4.2248135
2693	3.857143
2694	3.1352718
2695	2.1818182
2696	3.691358
2697	3.7291667
2699	3.002926
27	2.9344263
270	3.0379746
2700	3.7604413
2701	2.1585367
2702	3.0708861
2703	3.0
2704	3.0731707
2705	2.7142856
2706	3.7098632
2707	3.504732
2708	3.8297873
2709	3.1767242
271	3.142857
2710	3.031528
2711	3.5625
2712	3.2010581
2713	2.5011876
2714	3.2528737
2715	2.2272727
2716	3.9055479
2717	2.9061947
2718	3.1305482
2719	2.3823528
272	3.7258487
2720	2.16622
2721	3.764706
2722	2.8729098
2723	3.010551
2724	3.12
2725	3.7473683
2726	4.169231
2727	3.46875
2728	4.0187793
2729	3.8656716
273	2.897541
2730	3.5502958
2731	4.3208556
2732	3.9797297
2733	2.44
2734	3.358369
2735	2.8976035
2736	3.4355555
2737	2.9130435
2738	3.455696
2739	3.8555555
274	2.375
2740	2.6470587
2741	3.0163934
2742	2.0
2743	3.375
2744	3.6842105
2745	3.8951964
2746	3.332265
2747	3.3117979
2748	2.051095
2749	3.2183907
275	2.5375
2750	3.6982455
2751	2.8148148
2752	2.9621623
2753	3.491228
2754	1.8333334
2755	2.6774194
2756	3.21875
2757	3.8222222
2758	2.8387096
2759	3.3511627
276	2.6929824
2760	3.4285715
2761	4.0474777
2762	4.406263
2763	3.6418734
2764	3.6
2765	2.7142856
2766	3.5151515
2767	3.08
2768	3.2307692
2769	3.2207792
277	3.182353
2770	3.262032
2771	2.8888888
2772	3.0325203
2773	2.9285715
2774	3.514706
2775	3.2857144
2776	3.7692308
2777	2.0
2778	2.5517242
2779	3.6202898
278	2.75
2780	3.182927
2781	3.1746032
2782	3.504673
2783	2.6
2784	3.2063491
2785	3.04
2786	2.4166667
2787	2.9012346
2788	4.137472
2789	2.9939394
279	3.7173913
2790	2.6557376
2791	3.9711149
2792	2.9802868
2793	2.7547169
2794	2.922078
2795	3.84153
2796	2.95
2797	3.8558016
2798	1.925
2799	1.5555556
28	4.055866
280	3.5707548
2800	3.0454545
2801	3.5164835
2802	3.0882354
2803	3.2745664
2804	4.2389054
2805	2.8683035
2806	2.6331658
2807	1.7582418
2808	2.512
2809	2.55
281	3.6480687
2810	3.9268293
2811	4.0
2812	3.2391305
2813	3.6551723
2814	2.625
2815	2.594096
2816	1.8648648
2817	1.64
2818	1.6034483
2819	4.0407524
282	3.2232559
2820	3.5660377
2821	2.6666667
2822	3.0494297
2823	2.5
2824	3.9285715
2825	2.75
2826	3.1586666
2827	2.442073
2828	2.107438
2829	2.955414
283	3.0
2830	3.5454545
2831	3.25
2833	3.6666667
2834	3.5555556
2835	2.5357144
2836	3.2944784
2837	3.3809524
2839	4.3
2840	2.8997614
2841	3.6262834
2842	3.452381
2843	3.8695652
2844	3.180723
2845	1.0
2846	3.3674698
2847	3.909091
2848	3.9512196
2849	2.8
2850	2.7142856
2851	2.443609
2852	3.737805
2853	2.892857
2854	2.3636363
2855	2.3
2856	2.7777777
2857	3.6967418
2858	4.317386
2859	4.2343097
286	3.0
2860	3.2578125
2861	3.1525424
2862	2.5842698
2863	3.8899615
2864	2.8214285
2865	3.05
2866	3.6884422
2867	3.4346404
2868	2.3015873
2869	2.6666667
287	2.9047618
2870	3.5906737
2871	3.941015
2872	3.8126686
2873	2.6818182
2874	3.522388
2875	3.257732
2876	2.6511629
2877	3.014218
2878	2.264706
2879	3.4634147
288	3.1442857
2880	3.4583333
2881	3.2010179
2882	2.79661
2883	3.5487366
2884	2.5714285
2885	3.3606558
2886	2.2424242
2887	2.25
2888	2.7815125
2889	3.43554
289	3.341772
2890	3.807052
2891	3.4918919
2892	2.5
2893	2.8809524
2894	2.625
2895	3.0
2896	3.3214285
2897	3.25
2898	2.745098
2899	3.5470085
29	4.0620346
290	3.9166667
2900	2.68323
2901	3.2030303
2902	2.4207318
2903	2.0510204
2904	3.764706
2905	4.6086955
2906	2.328
2907	2.4460094
2908	4.0141177
2909	4.0
291	2.2083333
2911	3.2857144
2912	3.6793249
2913	3.2941177
2914	2.1818182
2915	3.6396713
2916	3.6823647
2917	4.031746
2918	4.1174474
2919	3.8951406
292	3.2687585
2920	4.19
2921	3.8832808
2922	3.746888
2923	3.4117646
2924	3.9097745
2925	4.2280703
2926	3.3505619
2927	4.080808
2928	3.3376622
2929	3.4744186
293	4.1061754
2930	4.4
2931	4.3
2932	3.957627
2933	3.4444444
2934	2.4
2935	4.1931033
2936	4.093168
2937	4.2884617
2938	3.7419355
2939	3.5
294	3.0952382
2940	4.009346
2941	3.6142857
2942	3.0994475
2943	3.78125
2944	4.0042434
2945	2.6785715
2946	3.773196
2947	3.9710145
2948	3.8897536
2949	3.874613
295	2.7586207
2950	2.33237
2951	3.994253
2952	3.7473118
2953	2.392962
2955	2.0
2956	3.1347518
2959	4.077188
296	4.278213
2960	2.75
2961	2.817857
2962	3.4
2963	3.7058823
2964	3.3333333
2965	2.0277777
2966	4.055944
2967	3.7480314
2968	3.6940594
2969	3.912088
297	3.107143
2970	3.9591837
2971	3.8233438
2972	4.0153847
2973	4.05
2974	1.8358209
2975	3.036036
2976	3.0718133
2977	2.911111
2978	2.8446603
2979	2.1891892
298	3.9130435
2981	3.7333333
2982	2.1052632
2983	3.9876542
2984	3.4444444
2985	3.4515867
2986	2.3813388
2987	3.6798222
2988	3.6388888
2989	3.5011764
299	3.6643357
2990	3.2
2991	3.592417
2992	2.483871
2993	3.7054455
2994	3.5
2995	2.3079178
2996	3.4285715
2997	4.1253905
2998	3.5384614
2999	4.0
3	3.0167365
30	3.6486487
300	3.7588654
3000	4.147826
3001	1.6666666
3002	3.9142857
3003	3.25
3004	2.4801588
3005	3.3765626
3006	4.0588236
3007	4.0135593
3008	3.72549
301	3.3023255
3010	3.6
3011	3.6107383
3012	3.4
3013	2.8923078
3014	2.9183674
3015	3.375
3016	3.1588366
3017	2.5288463
3018	3.4758065
3019	3.9206731
302	3.8139534
3020	3.45229
3021	2.8611112
3022	4.3689322
3024	2.347826
3025	3.2857144
3026	1.5
3027	1.1428572
3028	3.76259
3029	3.2736843
303	2.9760766
3030	4.404651
3031	2.1509433
3032	3.5401785
3033	3.2836485
3034	3.7434402
3035	4.149644
3036	3.229885
3037	4.043993
3038	4.2027025
3039	3.828367
304	3.142857
3040	3.3111112
3041	1.6986301
3042	1.5538461
3043	1.725
3044	3.8559177
3045	3.0932202
3046	3.4941177
3047	3.5555556
3048	2.3521128
3049	3.2432432
305	2.503937
3050	3.125
3051	2.9503105
3052	3.7128413
3053	3.0175953
3054	1.9779412
3055	3.390244
3056	3.6666667
3057	4.0
3058	2.1666667
306	4.227545
3060	3.8315413
3061	3.88
3062	3.971591
3063	2.7194245
3064	2.5
3065	4.0
3066	3.701031
3067	3.8923514
3068	3.8654354
3069	3.8181818
307	4.0987654
3070	3.3878887
3071	3.764526
3072	3.787169
3073	3.2424242
3074	3.7882884
3075	3.9855072
3076	3.7096775
3077	4.2272725
3078	3.651613
3079	3.8827586
308	3.9653466
3081	3.5168855
3082	3.3793504
3083	4.0862947
3084	3.5
3085	2.5
3086	3.580247
3087	3.4786823
3088	4.0898876
3089	4.357143
309	3.6875
3090	4.141243
3091	4.283688
3092	4.0
3093	3.6971154
3094	3.8514853
3095	4.134357
3096	3.9569893
3097	4.038835
3098	3.8321168
3099	3.2380953
31	3.113475
310	2.6666667
3100	3.7560194
3101	3.6695762
3102	3.6434426
3103	3.0588236
3104	3.856209
3105	3.7808824
3106	3.24
3107	3.4407365
3108	3.626455
3109	3.21875
311	3.0
3110	3.3939395
3111	3.6995306
3112	3.3714285
3113	2.6294327
3114	4.2189274
3115	3.1636364
3116	2.7272727
3117	3.30137
3118	3.530303
3119	1.6666666
312	2.4375
3120	3.0153847
3121	3.5555556
3122	3.3793104
3123	1.0
3124	3.3235295
3125	3.515
3126	4.0
3127	3.232143
3128	3.4509804
3129	3.7013888
313	2.8888888
3130	2.3728814
3131	3.5
3132	3.631579
3133	3.7142856
3134	4.339394
3135	3.9487178
3136	3.0
3137	3.8125
3138	3.1969697
3139	3.1764705
314	3.85
3140	3.4444444
3141	3.048387
3142	3.3846154
3143	3.6969697
3144	3.2653062
3145	3.3590734
3146	2.762987
3147	4.1546645
3148	3.9521801
3149	2.4444444
315	2.6535947
3150	3.6833334
3151	2.0
3152	3.9717515
3153	3.6162791
3154	3.5
3155	3.4144144
3156	2.9060051
3157	3.15
3158	3.6363637
3159	3.8057394
316	3.4901433
3160	3.8939803
3161	3.4736843
3162	2.4761906
3163	3.7039473
3164	4.0
3165	2.6229508
3166	1.1666666
3167	3.6325302
3168	3.7711341
3169	3.513834
317	3.1918876
3171	3.92
3172	5.0
3173	3.126294
3174	3.4851258
3175	3.7714121
3176	3.503381
3177	2.6011906
3178	3.848723
3179	3.4133334
318	4.554558
3180	2.2
3181	3.7116563
3182	3.9596775
3183	3.6222222
3184	3.0
3185	3.4120603
3186	3.4779582
3187	3.0
3188	3.7037036
3189	3.6433334
319	3.8937728
3190	2.1490684
3192	4.0833335
3194	3.3045454
3196	4.2284265
3197	3.3027887
3198	4.0738463
3199	3.3472223
32	3.9457314
320	3.40625
3200	3.8488371
3201	3.9526463
3202	1.0
3203	3.6780684
3204	3.6617646
3205	2.25
3206	3.2481203
3207	3.2
3208	2.7613637
3209	1.0
321	3.7540984
3210	3.8374717
3211	3.5151515
3212	2.5
3213	3.560345
3214	3.329897
3215	3.1818182
3216	3.3333333
3217	3.3516483
3218	3.1875
3219	3.2550335
322	3.7129188
3220	2.0
3221	3.413793
3222	4.1666665
3223	3.413793
3224	4.051948
3225	2.6885245
3228	1.0
3229	4.0
3230	3.6666667
3232	4.0
3233	5.0
3235	3.0
3236	3.5
3237	1.0
3238	2.1348314
3239	2.3783784
324	3.969697
3240	3.2727273
3241	3.6666667
3242	3.6666667
3243	2.5017066
3244	3.6956522
3245	4.8
3246	3.903158
3247	3.168168
3248	2.539604
3249	3.1352942
325	2.4489796
3250	3.4016395
3251	3.3804348
3252	3.7135136
3253	3.6008928
3254	2.8845265
3255	3.6797087
3256	3.75
3257	2.8594248
3258	2.7522123
3259	3.3697271
326	4.344262
3260	3.7291667
3261	3.4825175
3262	2.969325
3263	3.1889055
3264	3.0917969
3265	4.1376147
3266	3.6558442
3267	3.6873705
3268	1.7821229
3269	3.2033544
327	2.614525
3270	3.285
3271	3.847561
3272	3.2046783
3273	2.7331023
3274	3.107306
3275	3.6195652
3276	2.652174
3277	4.0
328	3.1111112
3280	5.0
3281	4.0408163
3282	3.7
3283	3.4666667
3284	3.7333333
3285	2.7021277
3286	2.2131147
3287	2.7286823
3288	3.0
3289	3.7692308
329	3.3767676
3290	3.0
3291	2.0
3292	3.8333333
3293	3.4
3294	2.5
3295	3.5
3296	3.7931035
3297	2.0
3298	3.459322
3299	2.2954545
33	3.0
330	2.7315435
3300	3.300738
3301	3.3787374
3302	3.3396227
3303	3.5
3304	3.5714285
3305	4.0
3306	3.9583333
3307	4.387454
3308	3.197279
3309	3.6666667
331	3.0952382
3310	3.7903225
3311	3.7878788
3312	1.0
3313	2.25
3314	3.25
3315	2.0
3316	2.768166
3317	3.949597
3318	3.4791667
3319	3.107143
332	2.546584
3320	3.511111
3321	2.0
3322	2.75
3323	3.0
3324	2.7631578
3325	2.33125
3326	2.8555555
3327	3.5298507
3328	3.843949
3329	3.8148148
333	3.502439
3330	3.7592592
3331	2.3142858
3333	3.5
3334	4.0824294
3335	2.6666667
3336	3.0
3337	3.5
3338	4.4444447
3339	3.7441862
334	3.8596492
3340	2.8028169
3341	4.039548
3342	3.8565023
3343	2.375
3344	2.6
3345	3.1304348
3346	2.8
3347	3.981132
3349	3.4
335	3.487805
3350	3.972028
3351	3.2666667
3352	2.6666667
3353	4.0
3354	2.5952082
3355	2.875839
3357	3.7669902
3358	3.6816144
3359	4.080769
336	2.6842105
3360	3.918644
3361	3.8374429
3362	3.9699347
3363	4.0262628
3364	3.9271524
3365	4.0857143
3366	3.8113208
3367	3.372093
3368	3.6507936
337	3.8412697
3370	3.4302325
3371	3.7083333
3372	3.5535715
3373	2.6666667
3374	2.6
3375	3.3384616
3376	1.0
3377	3.5
3378	3.25
3379	3.9473684
338	2.8823528
3380	3.0
3381	3.5
3382	5.0
3384	3.8007247
3385	2.5531914
3386	3.755291
3387	2.7225432
3388	2.7181208
3389	2.7105262
339	3.499257
3390	1.6666666
3391	2.28125
3392	1.9363058
3393	2.137255
3394	2.6714287
3395	2.8363636
3396	3.8561828
3397	3.73743
3398	3.5043988
3399	3.1264367
34	3.8914905
340	3.2738094
3400	2.5172415
3401	2.1061947
3402	3.347826
3403	2.78125
3404	3.4520547
3405	3.875
3406	3.7523808
3407	1.6666666
3408	3.8638783
3409	3.2723312
341	3.8387096
3410	4.3333335
3412	3.3714285
3413	3.5
3414	3.26
3415	3.826087
3416	3.9411764
3417	3.589041
3418	3.6803105
3419	3.1538463
342	3.677606
3420	3.7135677
3421	4.053024
3422	3.4
3423	2.9189188
3424	3.8809218
3425	3.2911391
3426	3.1953487
3427	3.337838
3428	2.9491525
3429	4.3357663
343	2.4285715
3430	3.340909
3431	2.6705883
3432	2.2638888
3433	2.1458333
3434	2.2631578
3435	4.415608
3436	2.7890625
3437	2.0
3438	2.6779027
3439	2.12749
344	3.1488252
3440	1.9202127
3441	3.2757895
3442	2.3076923
3443	3.8
3444	3.2252252
3445	3.1942446
3446	3.4102564
3447	3.7222223
3448	3.7338262
3449	2.9705882
345	3.8059702
3450	3.4153275
3451	3.92
3452	3.141994
3453	2.483146
3454	2.6976745
3456	3.9384615
3457	2.9929078
3458	3.0
3459	2.7741935
346	3.525
3460	1.0
3461	3.6657224
3462	4.2360654
3463	1.8
3464	2.45
3465	2.7777777
3466	3.5479453
3467	4.0215054
3468	4.24
3469	4.279851
347	3.173913
3470	4.326087
3471	4.014473
3472	1.75
3473	3.4166667
3474	3.1875
3475	3.9626865
3476	3.5787106
3477	3.0442805
3478	3.330827
3479	3.6734316
348	3.6989012
3480	3.6258066
3481	3.9286234
3482	3.0
3483	3.0119047
3484	2.7284768
3485	1.5
3486	3.1
3487	3.7205882
3488	2.0
3489	3.0180056
349	3.7261567
3490	2.6470587
3491	2.939394
3492	3.5714285
3493	1.0
3494	3.7375
3495	3.75
3496	3.220339
3497	3.0520833
3498	4.0067797
3499	3.8257918
35	3.3142858
350	3.392233
3500	2.7118645
3501	3.5464685
3502	3.5113637
3503	3.4545455
3504	4.020349
3505	3.8732395
3506	3.3652694
3507	4.033419
3508	4.0438356
3509	2.847826
351	3.3424125
3510	3.7588308
3511	2.590909
3512	3.6806169
3513	3.347619
3514	3.1612904
3515	3.1875
3516	3.7665198
3517	4.5
3518	2.8703704
3519	3.3467336
352	3.1344538
3520	2.5625
3521	3.8776596
3522	4.0
3523	3.125
3524	3.4269662
3525	3.1388888
3526	3.7694204
3527	3.6538165
3528	3.1557631
3529	3.4709678
353	3.4455042
3530	4.0
3531	3.0370371
3532	3.7619047
3533	3.2857144
3534	3.0653465
3535	3.2190475
3536	3.7484663
3537	3.3235295
3538	3.6647727
3539	3.8461537
354	3.1791046
3540	2.75
3542	3.0
3543	3.9225268
3544	2.9175258
3545	3.9029346
3546	3.7219732
3547	3.7922077
3548	3.8357663
3549	3.7923076
355	2.3520598
3550	3.43125
3551	3.93
3552	3.8469493
3553	2.7682927
3554	3.4537816
3555	3.5396476
3556	3.6310976
3557	2.8965516
3559	3.6666667
356	4.0879674
3562	3.0384614
3563	1.9230769
3564	1.8046875
3565	3.267148
3566	3.3717105
3567	3.4
3568	3.2692308
3569	3.3513513
357	3.7437146
3570	3.9
3571	3.3779528
3572	1.7272727
3573	1.4615384
3574	1.0588236
3575	3.3333333
3576	3.6830986
3577	2.65
3578	4.106029
3579	2.485294
358	3.1702127
3580	3.0689654
3581	2.7857144
3584	2.7674417
3585	3.8421052
3586	3.392857
3587	3.0
3588	3.3333333
359	3.2105262
3590	2.8588235
3591	3.4076433
3592	2.5
3593	1.6111112
3594	3.3021977
3595	3.0
3596	2.5333333
3597	2.7297297
3598	3.4581006
3599	3.631068
36	3.9579742
360	2.496063
3600	2.8264463
3601	4.0
3602	2.9795918
3603	3.3333333
3604	3.6967213
3605	3.0980392
3606	3.9408283
3607	5.0
3608	3.4053426
3609	4.0
361	3.4216418
3610	2.5294118
3611	3.0666666
3612	3.6333334
3613	3.755319
3614	3.2195573
3615	3.2173913
3616	2.4565217
3617	3.267303
3618	3.3712738
3619	3.2608695
362	3.3640168
3620	3.0
3621	1.6666666
3622	3.8333333
3623	3.195735
3624	3.6548672
3625	3.8125
3626	2.4693878
3627	3.4766355
3628	3.4158416
3629	4.1890907
363	4.2580647
3631	2.6666667
3632	3.6
3633	3.4617565
3634	4.2545457
3635	3.6057494
3636	2.7777777
3637	3.95
3638	3.1917179
3639	3.6290672
364	3.8608387
3640	3.4166667
3641	2.75
3642	3.0769231
3643	3.4356437
3644	3.3529413
3645	3.6111112
3646	2.4444444
3647	4.0
3648	2.6666667
3649	3.1694915
365	3.169014
3651	1.0
3652	3.0
3653	3.7919464
3654	3.9641435
3655	3.78
3656	5.0
3657	3.6666667
3658	3.652174
3659	3.2105262
366	2.820717
3660	2.8598726
3661	2.207317
3662	2.097826
3663	1.862069
3664	1.6851852
3665	1.7307693
3666	1.6666666
3667	1.9142857
3668	3.9157302
3669	2.3802817
367	3.27905
3670	3.6666667
3671	4.0473638
3672	2.9679487
3673	2.3225806
3674	2.5957446
3675	3.8265684
3676	3.4673367
3677	3.8888888
3678	3.7555556
3679	4.274194
368	3.5236907
3680	3.93617
3681	3.916923
3682	3.6904762
3683	4.218153
3684	3.3743017
3685	3.5926607
3686	3.2542372
3687	2.0
3688	2.7345133
3689	2.0425532
369	3.310345
3690	2.0409837
3691	2.5714285
3692	2.2931035
3693	2.6978023
3694	1.8548387
3695	1.8113208
3696	2.5538461
3697	2.8678071
3698	3.19863
3699	3.4612718
37	3.5
370	2.8980582
3700	3.5853658
3701	3.2242064
3702	3.664165
3703	3.6740813
3704	3.166205
3705	2.5842106
3706	3.404018
3707	3.0843883
3708	2.9812734
3709	2.3893805
371	3.1792452
3710	2.254054
3711	3.2121212
3712	3.2301369
3713	3.7411764
3714	3.1363637
3715	2.4545455
3716	2.3731344
3717	2.9743152
3718	3.3114755
3719	3.0222223
372	3.1542056
3720	3.6666667
3721	2.5833333
3722	2.0
3723	3.7286246
3724	3.7179487
3725	3.0714285
3726	3.5714285
3727	3.7094595
3728	3.9594595
3729	3.4144144
373	3.856589
3730	4.2494483
3731	3.3953488
3732	2.9859154
3733	3.8373702
3734	3.491228
3735	3.9818182
3736	3.7948718
3737	4.0
3738	3.4545455
3739	3.975
374	2.1147542
3740	3.4143836
3741	4.0788383
3742	3.9700854
3743	2.5974026
3744	3.2422802
3745	3.3813083
3746	3.8550725
3747	3.75
3748	3.0
3749	3.1363637
375	3.2941177
3751	3.8796086
3752	3.0
3753	3.7451613
3754	2.4951456
3755	3.3514314
3756	3.5
3757	2.8235295
3758	2.7583334
3759	3.2571428
376	3.2457142
3760	3.4819672
3761	2.9642856
3762	1.3333334
3763	3.5706134
3764	2.6408162
3765	2.847826
3766	2.539267
3767	2.0865386
3768	2.1604939
3769	3.3842106
377	3.5654545
3770	3.4704142
3771	3.397351
3772	1.6666666
3773	2.8187134
3774	1.96875
3775	3.25
3776	3.3333333
3777	2.1818182
3778	2.8333333
3779	3.0
378	2.892857
3780	3.097561
3781	2.586207
3782	2.7272727
3783	4.029787
3784	3.2363636
3785	3.0114193
3786	3.25
3787	3.857143
3788	3.808943
3789	4.198718
379	2.8899083
3790	3.372549
3791	3.0666666
3792	3.5555556
3793	3.8206487
3794	3.2809918
3795	3.409091
3796	3.3846154
3797	2.2068965
3798	3.3347733
3799	1.62
38	2.8214285
380	3.6342857
3800	2.3333333
3801	4.231156
3802	2.4177632
3803	3.5555556
3804	2.5348837
3805	2.7941177
3806	3.2586207
3807	3.2735848
3808	4.0227275
3809	3.3977969
381	3.2606635
3810	3.1325302
3811	4.102778
3812	3.5578947
3813	3.2891567
3814	4.022831
3816	3.7631578
3817	3.1875
3818	2.4285715
3819	4.02449
382	2.9338236
3820	1.8108108
3821	2.641129
3822	3.7571428
3823	3.590909
3824	2.128205
3825	2.761194
3826	2.5382717
3827	3.3828452
3828	2.5
383	3.2666667
3830	2.88
3831	3.7204301
3832	3.2857144
3833	2.5357144
3834	2.8238637
3835	2.7078652
3836	3.9093332
3837	2.8876405
3838	2.6190476
3839	2.6382978
384	2.9
3840	2.544643
3841	2.754902
3842	3.0
3843	2.6333334
3844	3.5931373
3845	3.392857
3846	3.1449275
3847	2.96
3848	3.1
3849	4.0465117
385	3.4
3850	2.9230769
3851	3.95
3852	3.6971154
3853	3.5384614
3854	3.65
3855	3.6666667
3857	2.6666667
3858	3.1594203
3859	3.878049
386	2.6
3860	3.1875
3861	3.1037345
3862	3.1
3863	3.261398
3864	2.6923077
3865	3.2312925
3866	3.1666667
3867	3.3333333
3868	3.680636
3869	3.088167
387	2.745098
3870	3.857143
3871	3.8393443
3872	3.8333333
3873	3.6678572
3874	3.0
3875	2.8
3876	2.0
3877	2.0219781
3878	2.8333333
3879	2.7847223
388	3.6391752
3880	3.5
3881	5.0
3882	3.2735043
3883	2.7333333
3884	2.375
3885	3.1153846
3886	3.0
3887	3.0
3888	4.5
3889	2.4148147
389	3.7
3890	3.0
3891	1.7142857
3892	2.7
3893	3.5026834
3894	3.1904762
3895	2.3404255
3896	3.3184357
3897	4.226358
3898	2.7333333
3899	1.6666666
39	3.623348
390	3.542373
3900	2.7878788
3901	2.6509433
3902	3.125
3903	3.5
3904	1.0
3905	3.875
3906	3.15625
3908	2.1847825
3909	2.6811595
391	3.275
3910	3.82
3911	4.0730596
3912	2.3
3913	2.90625
3914	3.3285713
3915	3.511811
3916	3.9244852
3917	3.1111112
3918	2.802395
3919	2.229885
392	2.8
3920	3.7121212
3921	2.6382978
3922	2.5897436
3923	2.5769231
3924	2.9230769
3925	3.8548386
3926	3.3611112
3927	3.5804598
3928	3.4417477
3929	3.9931972
393	1.8571428
3930	3.2556055
3931	2.0370371
3932	3.75
3933	2.25
3934	3.0357144
3935	3.0
3936	3.7232144
3937	2.9407408
3938	1.925926
3939	1.9615384
394	3.6666667
3940	1.7333333
3941	2.0454545
3942	1.7857143
3943	3.0520833
3944	2.1111112
3945	1.4883721
3946	2.26
3947	3.4727273
3948	3.6357307
3949	4.1151314
3950	3.6666667
3951	3.9
3952	3.780928
396	4.0
397	2.4166667
398	4.0
4	2.7294118
40	3.9333334
401	3.0
402	3.0
404	3.75
405	2.1231527
406	3.625
407	2.9119172
408	3.3194444
409	3.0204082
41	3.9586778
410	2.9071274
411	2.6153846
412	3.559322
413	2.5306122
414	2.6555555
415	2.4804468
416	2.4269662
417	3.4855769
418	2.5172415
419	2.1923077
42	2.8687782
420	2.5056818
421	3.3617022
422	3.122807
423	3.1085973
424	2.6
425	3.6095238
426	3.0817845
427	2.3674698
428	3.9315588
429	2.3796792
43	3.4457831
430	2.4166667
431	3.691057
432	2.5790815
433	2.7916667
434	3.084548
435	2.6060038
436	2.6524823
437	2.046875
438	2.625
439	4.5
44	2.7877812
440	3.8111815
441	3.6936235
442	2.9921875
443	3.387097
444	2.2962964
445	2.61
446	4.0826774
447	2.483871
448	3.6008773
449	3.6619718
45	3.4246323
450	3.2807016
451	3.1509433
452	3.2894738
453	3.2238805
454	3.5473301
455	2.5894737
456	4.0
457	4.103258
458	3.275862
459	2.8321679
46	3.1084337
460	2.2631578
461	3.2790697
462	2.642857
463	2.744681
464	2.7824075
465	3.3142858
466	2.7958114
467	3.2037036
468	3.2714286
469	2.9565217
47	4.1064205
470	1.7368422
471	3.6310518
472	2.7045455
473	2.2251656
474	3.8251028
475	3.900641
476	2.6857142
477	3.4666667
478	2.4583333
479	2.7969925
48	2.9764397
480	3.7638474
481	3.3809524
482	3.528409
483	3.7432432
484	2.6551723
485	2.508
486	2.8125
487	2.612903
488	3.3846154
489	2.4742267
49	3.7407408
490	3.3243244
491	3.3160377
492	3.719403
493	3.6073825
494	3.3461537
495	3.3809524
496	3.2162163
497	4.0
498	2.744681
499	2.7551022
5	3.0067568
50	4.517106
500	3.4200478
501	3.606383
502	1.9354838
503	3.6923077
504	2.9550562
505	2.4927535
506	3.491228
507	3.5227273
508	3.8948307
509	3.6743422
510	2.4047618
511	3.1052632
512	2.8715084
513	3.119403
514	3.531792
515	3.9177778
516	2.8709676
517	3.1753926
518	2.4563758
519	1.9405941
52	3.6403713
520	2.9304812
521	3.3675213
522	3.566265
523	3.6581197
524	3.6155462
525	3.1904762
526	2.5
527	4.5104165
528	2.514706
529	3.9777777
53	4.75
530	3.5
531	3.7692308
532	3.0488431
533	2.7339902
534	3.8356643
535	3.8172758
536	3.1636364
537	3.0772946
538	3.8222222
539	3.7606492
54	2.5609756
540	2.218935
541	4.2733335
542	2.6747572
543	3.3841643
544	2.643411
545	2.0
546	1.8742857
547	2.8790324
548	2.5474453
549	3.821656
55	3.0666666
550	3.016854
551	3.7178714
552	3.2400756
553	3.8734176
554	2.6153846
555	3.9285715
556	4.2272725
557	4.5
558	2.7037036
559	3.0
56	2.0
560	3.625
561	3.6153846
562	3.799163
563	3.235294
564	2.2666667
565	3.1311476
566	2.9230769
567	3.5714285
568	3.857143
569	2.93
57	3.4040403
570	3.2173913
571	3.5882354
572	3.0
573	3.5238094
574	3.4457142
575	2.82243
576	3.0
577	2.9636364
578	4.5
579	2.0
58	4.0938125
580	3.2419355
581	4.0496454
582	3.0
583	3.6785715
584	4.0
585	2.9066985
586	3.1348147
587	3.4964414
588	3.788305
589	4.0585127
59	2.75
590	3.915231
591	2.0
592	3.6009784
593	4.3518233
594	3.8453474
595	3.885849
596	3.751004
597	3.6414914
598	4.25
599	4.087121
6	3.8787234
60	3.2128851
600	3.0
601	3.0
602	4.121951
603	3.0
605	3.3141594
606	2.2258065
607	2.0
608	4.254676
609	2.7761195
61	3.0
610	3.5469255
611	2.4722223
612	2.4050634
613	3.6341465
614	2.6666667
615	4.044776
616	3.352518
617	3.6470587
618	2.1111112
619	2.59375
62	3.6968577
621	3.7142856
623	3.0
624	4.0
626	2.2631578
627	3.6033058
628	3.8969073
63	2.855856
630	2.857143
631	2.08
632	4.0
633	3.6
634	1.6666666
635	3.6233766
637	2.5428572
638	3.2105262
639	2.6153846
64	2.265823
640	2.6760564
641	1.0
642	2.0
643	2.0
644	2.0
645	3.6
647	3.553288
648	3.432875
649	4.1875
65	2.062937
650	3.47191
651	2.0
652	2.8888888
653	3.22549
655	1.0
656	2.5641026
657	3.0
658	3.0
659	3.72
66	1.6701031
660	1.5
661	3.464762
662	2.984375
663	3.4166667
664	3.0
665	3.6571429
666	3.3333333
667	2.0425532
668	4.4042554
669	4.173913
67	3.25
670	4.410714
671	3.6798246
672	2.0
673	2.6198933
674	3.015544
678	4.245098
679	3.5
68	3.45
680	3.359375
681	3.9333334
682	3.5
684	1.0
685	3.3
687	3.0
688	2.2769954
69	3.6551723
690	2.0
691	3.0991735
692	2.1132076
694	2.64539
695	3.1777778
696	3.25
697	2.552941
698	2.2
7	3.4104803
70	3.156455
700	3.324138
701	4.0
702	3.6666667
703	1.6
704	2.3095238
705	3.8333333
706	2.5
707	3.0872726
708	3.4344625
709	3.0416667
71	2.1041667
710	2.3333333
711	2.5
712	3.5
714	3.8888888
715	3.6153846
716	2.6785715
717	4.0
718	3.4848485
719	2.8619246
72	3.6344087
720	4.4269404
722	3.8148148
724	3.0865386
725	2.7912087
726	3.0
728	3.764977
729	3.6666667
73	3.8169644
730	1.0
731	2.8510637
732	2.8333333
733	3.7231343
734	3.0
735	3.3564355
736	3.173874
737	2.03
74	2.975
741	4.089172
742	2.5287356
743	2.5700934
744	2.0
745	4.520548
746	4.0
747	2.0
748	3.1510792
749	2.75
75	1.9166666
750	4.44989
751	3.5333333
753	3.15625
754	2.9230769
755	3.7777777
756	3.0
757	3.75
758	4.0
759	4.101695
76	2.8539326
760	3.5151515
761	2.7886178
762	2.1845639
763	3.0
764	3.2702703
765	2.631579
766	3.57
767	3.2083333
769	3.25
77	3.764706
771	3.7777777
774	4.0
775	3.2222223
776	3.0
778	3.9600532
779	2.6923077
78	3.26
780	3.5104046
781	3.378641
782	2.5517242
783	3.2230768
784	2.72987
785	3.4784315
786	3.123913
787	5.0
788	2.9957807
789	3.0
79	2.6052632
790	3.0
791	3.5
792	4.0
793	2.6
796	3.3333333
798	2.7058823
799	3.3491125
8	3.014706
80	3.8269231
800	4.0825396
801	3.0991735
802	3.4964871
803	3.6842105
804	2.9785407
805	3.5901163
806	3.1666667
807	3.0
808	3.3953488
809	2.5714285
81	3.1626506
810	1.4666667
811	3.8888888
813	2.5106382
814	3.0
815	2.0
818	2.5608466
82	3.8764045
820	3.25
821	2.0
823	3.25
824	3.9285715
826	1.0
827	3.0
828	2.9074075
829	2.2900763
83	3.6969697
830	2.9525423
831	3.85
832	3.4787233
833	2.1794872
834	2.0
835	3.1262136
836	2.6540084
837	3.4770641
838	3.8802395
839	2.214815
84	3.0952382
840	2.56
841	3.4
842	2.5894039
843	1.0
844	3.5714285
846	3.7368422
847	1.8571428
848	3.4358974
849	2.5107632
85	3.402062
850	3.6666667
851	3.496063
852	3.2211382
853	4.0
854	3.625
858	4.5249662
859	2.0
86	3.3940678
860	3.6
861	3.5128205
862	3.6451614
863	3.5
864	3.5833333
865	2.0
866	3.8234265
867	2.2083333
868	3.0
869	3.0952382
87	2.2105262
870	2.1836734
872	3.0
874	3.125
875	3.3863637
876	2.857143
877	3.2916667
878	4.0
879	2.8270042
88	2.9427083
880	2.2006173
881	2.6233766
882	2.7118645
884	3.0
885	2.5813954
886	2.9423077
887	2.5
888	2.2083333
889	2.5
89	3.074236
891	2.3606558
892	3.8618422
893	3.6956522
895	1.0
896	3.4313726
897	3.7551022
898	4.3006873
899	4.283622
9	2.6568627
90	3.6666667
900	3.851312
901	3.6436782
902	3.908284
903	4.272928
904	4.4761906
905	4.280749
906	4.0962567
907	3.9238095
908	4.3840303
909	4.127098
910	4.300481
911	4.183007
912	4.4128222
913	4.395973
914	4.154088
915	3.9643836
916	4.2164707
917	3.6753247
918	3.7936509
919	4.247963
92	2.340909
920	3.9974048
921	3.8940396
922	4.4914894
923	4.388889
924	4.0687647
925	3.25
926	4.2555833
927	3.9761906
928	4.2046633
929	3.7849462
93	2.235955
930	4.294382
931	3.9126213
932	3.952381
933	4.10158
934	3.6578948
935	3.633803
936	4.0757575
937	3.75
938	3.6203208
939	3.1818182
94	3.7252748
940	3.973545
941	3.704762
942	4.202055
943	3.9824562
944	3.7938144
945	4.1474104
946	3.8509316
947	4.106383
948	3.7538462
949	3.9767442
95	2.8761756
950	4.239726
951	4.24937
952	3.6022305
953	4.29904
954	4.240209
955	4.1694913
956	3.55
957	3.2432432
958	3.3846154
959	3.7413793
96	3.9230769
960	3.45
961	3.4782608
962	3.5454545
963	3.574074
964	3.3921568
965	4.075099
966	4.0
967	3.2608695
968	3.6713288
969	4.2516556
97	3.75
970	3.4054055
971	4.0479703
972	3.1666667
973	3.9146342
974	3.75
975	1.5
976	3.5714285
977	2.0
978	3.94
98	2.0
980	2.8
981	2.75
982	3.6790123
984	2.6666667
985	3.75
986	3.6034484
987	2.9
988	3.3768115
989	5.0
99	3.46
990	2.574074
991	3.5235295
992	2.6
993	3.1111112
994	4.095556
996	2.90625
997	3.357143
998	3.0107527
999	3.2832167
